[38;2;40;40;38m                                           ██████████[38;2;200;144;96m██████
[38;2;40;40;38m                                     ████[38;2;200;144;96m██[38;2;247;248;246m████████████████[38;2;40;40;38m██████  
[38;2;40;40;38m                                 ████[38;2;247;248;246m██████████████████████[38;2;200;144;96m██[38;2;40;40;38m████████
[38;2;40;40;38m                             ████[38;2;247;248;246m████████████████████[38;2;200;144;96m██[38;2;40;40;38m████████████████
[38;2;40;40;38m                           ██[38;2;247;248;246m██████████████████████[38;2;40;40;38m██████████████████████
[38;2;40;40;38m                         ██[38;2;247;248;246m██████████████████████[38;2;40;40;38m████████████████████████
[38;2;40;40;38m                         ██[38;2;247;248;246m████████████████████[38;2;40;40;38m████████████████████████████
[38;2;40;40;38m                       ██[38;2;247;248;246m██████████████████████[38;2;40;40;38m████████████████████████████
[38;2;40;40;38m                       ██[38;2;247;248;246m████████████████████[38;2;40;40;38m██████████████████████████████
[38;2;40;40;38m                       ██[38;2;247;248;246m████████████████████[38;2;40;40;38m████████████████████████████████
[38;2;40;40;38m                       ██[38;2;247;248;246m████████████████████[38;2;40;40;38m████████████████████████████████████
[38;2;40;40;38m                     ██[38;2;200;144;96m████[38;2;247;248;246m██████████████[38;2;200;144;96m████[38;2;40;40;38m██████████████████████████████████████
[38;2;40;40;38m                     ██[38;2;200;144;96m████████████████████[38;2;40;40;38m██████████████████████████████████████████
[38;2;40;40;38m                     ████[38;2;200;144;96m██████████████████[38;2;40;40;38m██████████████████████████████████████████
[38;2;40;40;38m                     ████[38;2;200;144;96m██████████████████[38;2;40;40;38m████████████████████████████████████████████
[38;2;40;40;38m                     ████[38;2;200;144;96m██████████████████[38;2;40;40;38m██████████████████████████[38;2;200;144;96m██[38;2;40;40;38m████████████████
[38;2;40;40;38m                     ████████████████[38;2;200;144;96m██████[38;2;40;40;38m██████████████████████████[38;2;200;144;96m██[38;2;40;40;38m██  ████  ██████
[38;2;40;40;38m                   ██████████████████████████████████████████[38;2;200;144;96m██[38;2;40;40;38m██████████    ██    ██
[38;2;40;40;38m               ██████████████████████████████████████████████[38;2;200;144;96m██[38;2;40;40;38m██[38;2;200;144;96m██████[38;2;40;40;38m██
[38;2;40;40;38m             ████████████████████████████████████████[38;2;200;144;96m████[38;2;40;40;38m██[38;2;200;144;96m████████████[38;2;40;40;38m██
[38;2;40;40;38m           ██████[38;2;200;144;96m██████████████[38;2;40;40;38m██████████████████████[38;2;200;144;96m██[38;2;40;40;38m██████[38;2;200;144;96m██████████[38;2;40;40;38m██
[38;2;40;40;38m           ██████████████████████[38;2;200;144;96m██████████[38;2;40;40;38m████████[38;2;200;144;96m████[38;2;40;40;38m████[38;2;200;144;96m██████[38;2;247;248;246m██████[38;2;200;144;96m██
[38;2;40;40;38m                         ██████████████████████████[38;2;200;144;96m████[38;2;40;40;38m██[38;2;200;144;96m██████[38;2;247;248;246m████████[38;2;200;144;96m██
[38;2;40;40;38m                           ██████████████████████████[38;2;200;144;96m██[38;2;40;40;38m██[38;2;200;144;96m██████[38;2;247;248;246m██████████[38;2;40;40;38m██
[38;2;40;40;38m                             ████████████████████████[38;2;200;144;96m██[38;2;40;40;38m██[38;2;200;144;96m██████[38;2;247;248;246m██████████[38;2;200;144;96m██
[38;2;40;40;38m                               ████████████████████[38;2;200;144;96m██[38;2;40;40;38m██[38;2;200;144;96m██████████[38;2;247;248;246m██████[38;2;200;144;96m██[38;2;40;40;38m██
[38;2;40;40;38m                                 ████████████████[38;2;200;144;96m██████████████████████[38;2;40;40;38m██
[38;2;40;40;38m                               ████████████████[38;2;200;144;96m██████████████████████[38;2;40;40;38m██
[38;2;40;40;38m                             ████████████████[38;2;200;144;96m██████████████████████[38;2;40;40;38m██
[38;2;40;40;38m                                     ████████████[38;2;200;144;96m██████████[38;2;40;40;38m██[38;2;200;144;96m██[38;2;40;40;38m████
[38;2;40;40;38m                                   ████████[38;2;247;248;246m██████[38;2;40;40;38m████[38;2;200;144;96m████[38;2;40;40;38m████████
[38;2;40;40;38m                               ████[38;2;247;248;246m██████████████████[38;2;40;40;38m██████
[38;2;40;40;38m                             ██[38;2;247;248;246m████[38;2;40;40;38m██[38;2;247;248;246m████████████████████[38;2;40;40;38m████
[38;2;40;40;38m                             ██[38;2;247;248;246m██████████████████████████████[38;2;40;40;38m██
[38;2;40;40;38m                           ██[38;2;247;248;246m████████████████████[38;2;40;40;38m██████████████████
[38;2;40;40;38m                           ██[38;2;247;248;246m████████████████████[38;2;40;40;38m████████████████████
[38;2;40;40;38m                         ████[38;2;247;248;246m████████████████[38;2;40;40;38m████████████████[38;2;247;248;246m████████[38;2;40;40;38m██
[38;2;40;40;38m                         ████[38;2;247;248;246m██████████████[38;2;40;40;38m████████████████[38;2;247;248;246m████████████[38;2;40;40;38m██
[38;2;40;40;38m                       ████████[38;2;247;248;246m████████[38;2;40;40;38m████████████[38;2;176;72;40m████[38;2;40;40;38m██[38;2;247;248;246m██████████████[38;2;40;40;38m██
[38;2;40;40;38m                     ██[38;2;176;72;40m██[38;2;40;40;38m████████████████████████[38;2;176;72;40m██████[38;2;40;40;38m██[38;2;176;72;40m██[38;2;247;248;246m██████████████[38;2;40;40;38m██
[38;2;40;40;38m                     ██[38;2;176;72;40m██[38;2;40;40;38m██[38;2;200;144;96m████[38;2;40;40;38m██[38;2;200;144;96m████[38;2;40;40;38m██████████[38;2;176;72;40m████████████[38;2;247;248;246m██████████████[38;2;40;40;38m██
[38;2;40;40;38m                   ██[38;2;176;72;40m██[38;2;40;40;38m██[38;2;200;144;96m██[38;2;40;40;38m██[38;2;200;144;96m████[38;2;40;40;38m██[38;2;200;144;96m████[38;2;40;40;38m██████[38;2;176;72;40m████████[38;2;40;40;38m██[38;2;176;72;40m████[38;2;247;248;246m██████████████[38;2;40;40;38m██
[38;2;40;40;38m                 ██[38;2;176;72;40m████[38;2;40;40;38m██[38;2;200;144;96m████[38;2;40;40;38m██[38;2;200;144;96m████[38;2;40;40;38m██[38;2;200;144;96m████[38;2;40;40;38m██████[38;2;176;72;40m██████[38;2;40;40;38m██[38;2;176;72;40m██████[38;2;247;248;246m████████████[38;2;40;40;38m██
[38;2;40;40;38m               ██[38;2;176;72;40m██████[38;2;40;40;38m██[38;2;200;144;96m██████[38;2;40;40;38m██[38;2;200;144;96m████[38;2;40;40;38m██[38;2;200;144;96m██[38;2;40;40;38m████████[38;2;176;72;40m██[38;2;40;40;38m████[38;2;176;72;40m██████[38;2;247;248;246m██[38;2;176;72;40m██[38;2;247;248;246m████[38;2;176;72;40m██[38;2;40;40;38m██
[38;2;40;40;38m             ██[38;2;176;72;40m██████[38;2;40;40;38m██[38;2;200;144;96m██████████[38;2;40;40;38m██[38;2;200;144;96m████[38;2;40;40;38m████[38;2;176;72;40m██[38;2;40;40;38m██████████[38;2;176;72;40m████[38;2;247;248;246m██[38;2;176;72;40m██[38;2;247;248;246m██[38;2;176;72;40m██[38;2;247;248;246m██[38;2;176;72;40m██[38;2;40;40;38m██
[38;2;40;40;38m           ██[38;2;176;72;40m████████[38;2;40;40;38m██[38;2;200;144;96m████████[38;2;40;40;38m██████[38;2;200;144;96m██[38;2;40;40;38m████[38;2;176;72;40m████[38;2;40;40;38m██████[38;2;176;72;40m████████[38;2;247;248;246m██[38;2;176;72;40m██[38;2;247;248;246m██[38;2;176;72;40m██[38;2;40;40;38m████
[38;2;40;40;38m         ██[38;2;176;72;40m██████████[38;2;40;40;38m██[38;2;200;144;96m██████[38;2;40;40;38m████████████[38;2;200;144;96m██[38;2;40;40;38m██[38;2;176;72;40m████[38;2;40;40;38m████[38;2;176;72;40m████████████████[38;2;40;40;38m████
[38;2;40;40;38m     ████[38;2;176;72;40m████████████[38;2;40;40;38m██[38;2;200;144;96m██████[38;2;40;40;38m████[38;2;200;144;96m████[38;2;40;40;38m████[38;2;200;144;96m██[38;2;40;40;38m██[38;2;176;72;40m████[38;2;40;40;38m██[38;2;176;72;40m██████████████████[38;2;247;248;246m██[38;2;40;40;38m██
[38;2;40;40;38m   ██[38;2;176;72;40m██████████████[38;2;40;40;38m██[38;2;200;144;96m████████████████[38;2;40;40;38m██████[38;2;200;144;96m██[38;2;40;40;38m██[38;2;176;72;40m██[38;2;40;40;38m██[38;2;176;72;40m████████████████[38;2;40;40;38m██[38;2;247;248;246m██[38;2;40;40;38m██
[38;2;40;40;38m   ██[38;2;176;72;40m██████████████[38;2;40;40;38m██[38;2;200;144;96m████████[38;2;40;40;38m████[38;2;200;144;96m████[38;2;40;40;38m██████[38;2;200;144;96m██[38;2;40;40;38m████[38;2;176;72;40m████████████████[38;2;40;40;38m████[38;2;247;248;246m██[38;2;40;40;38m████
