[38;2;30;30;30m                    ██████████
[38;2;30;30;30m                ████[38;2;56;64;64m██[38;2;72;96;96m████████[38;2;30;30;30m████
[38;2;30;30;30m              ██[38;2;56;64;64m██[38;2;246;176;32m████████████████[38;2;30;30;30m██
[38;2;30;30;30m          ████[38;2;184;112;32m██[38;2;246;176;32m████████████████████[38;2;30;30;30m██
[38;2;30;30;30m        ██[38;2;72;96;96m██[38;2;30;30;30m██[38;2;184;112;32m██[38;2;246;176;32m████████████████████[38;2;120;64;64m██
[38;2;30;30;30m      ██[38;2;72;96;96m████[38;2;56;64;64m██[38;2;184;112;32m████[38;2;246;176;32m██[38;2;72;96;96m██████████[38;2;246;176;32m████[38;2;184;112;32m████[38;2;56;64;64m████
[38;2;30;30;30m      ██[38;2;72;96;96m████[38;2;56;64;64m██[38;2;184;112;32m████[38;2;56;64;64m████[38;2;72;96;96m████████[38;2;56;64;64m██[38;2;184;112;32m████[38;2;56;64;64m██[38;2;72;96;96m████[38;2;56;64;64m██
[38;2;30;30;30m      ██[38;2;72;96;96m████[38;2;56;64;64m██[38;2;184;112;32m██[38;2;56;64;64m██████████████████[38;2;184;112;32m██[38;2;56;64;64m██[38;2;72;96;96m████[38;2;56;64;64m██
[38;2;30;30;30m      ██[38;2;40;40;56m██[38;2;72;96;96m████[38;2;30;30;30m██[38;2;56;64;64m██████████████████[38;2;184;112;32m████[38;2;56;64;64m██[38;2;72;96;96m██
[38;2;30;30;30m        ██[38;2;56;64;64m██[38;2;72;96;96m████[38;2;30;30;30m████[38;2;56;64;64m██████████████[38;2;184;112;32m██[38;2;30;30;30m██[38;2;72;96;96m██[38;2;56;64;64m██
[38;2;30;30;30m          ████[38;2;40;40;56m██████████████████[38;2;120;64;64m████[38;2;30;30;30m██[38;2;56;64;64m██
[38;2;30;30;30m            ██[38;2;56;64;64m██████████[38;2;216;160;120m██[38;2;56;64;64m██[38;2;216;160;120m██[38;2;152;144;176m██[38;2;30;30;30m██[38;2;216;160;120m██[38;2;120;64;64m██
[38;2;30;30;30m            ██[38;2;56;64;64m████████[38;2;216;160;120m████████[38;2;232;232;248m██[38;2;30;30;30m██[38;2;216;160;120m██[38;2;120;64;64m██
[38;2;30;30;30m            ████[38;2;40;40;56m██[38;2;56;64;64m████[38;2;216;160;120m██████[38;2;248;208;184m████████[38;2;216;160;120m██
[38;2;30;30;30m          ██[38;2;232;232;248m██[38;2;72;96;96m██[38;2;30;30;30m████[38;2;120;64;64m████[38;2;216;160;120m██████[38;2;248;208;184m████[38;2;120;64;64m██
[38;2;30;30;30m          ██[38;2;232;232;248m██[38;2;30;30;30m████[38;2;240;104;72m████[38;2;40;40;56m██[38;2;30;30;30m████[38;2;120;64;64m██████[38;2;216;160;120m██[38;2;30;30;30m██
[38;2;30;30;30m        ██[38;2;72;96;96m██[38;2;30;30;30m██[38;2;248;208;184m████[38;2;120;64;64m██[38;2;240;104;72m██[38;2;192;56;56m██[38;2;120;64;64m██[38;2;154;144;176m██[38;2;30;30;30m████[38;2;216;160;120m████[38;2;30;30;30m██
[38;2;30;30;30m        ██[38;2;184;176;208m██[38;2;30;30;30m██[38;2;216;160;120m████[38;2;120;64;64m████[38;2;192;56;56m████[38;2;30;30;30m██    [38;2;30;30;30m████
[38;2;30;30;30m        ██[38;2;72;96;96m██[38;2;184;176;208m██[38;2;30;30;30m████[38;2;192;56;56m██████[38;2;232;232;248m██[38;2;30;30;30m██
[38;2;30;30;30m      ██[38;2;56;64;64m██████[38;2;30;30;30m██[38;2;192;56;56m████[38;2;184;176;208m████[38;2;56;64;64m██[38;2;72;96;96m██[38;2;120;64;64m██[38;2;30;30;30m████
[38;2;30;30;30m      ██[38;2;56;64;64m████[38;2;30;30;30m██[38;2;56;64;64m██[38;2;30;30;30m██████[38;2;72;96;96m████[38;2;216;160;120m██[38;2;120;64;64m██[38;2;184;176;208m██[38;2;30;30;30m██
[38;2;30;30;30m        ████          [38;2;30;30;30m████[38;2;56;64;64m██[38;2;144;136;138m██[38;2;30;30;30m██
[38;2;30;30;30m                          ████
