[38;2;40;40;38m               ████████████
[38;2;40;40;38m             ██[38;2;66;162;42m██[38;2;15;251;9m████████[38;2;66;162;42m██[38;2;40;40;38m██
[38;2;40;40;38m           ██[38;2;66;162;42m██[38;2;15;251;9m████████████[38;2;66;162;42m██[38;2;40;40;38m██
[38;2;40;40;38m         ██[38;2;66;162;42m██[38;2;15;251;9m████████████████[38;2;66;162;42m██[38;2;40;40;38m██
[38;2;40;40;38m         ██[38;2;15;251;9m██[38;2;183;105;31m██[38;2;254;252;5m████████████[38;2;183;105;31m██[38;2;15;251;9m██[38;2;40;40;38m██
[38;2;40;40;38m       ██[38;2;66;162;42m██[38;2;183;105;31m██[38;2;254;252;5m████████████████[38;2;183;105;31m██[38;2;66;162;42m██[38;2;40;40;38m██
[38;2;40;40;38m     ██[38;2;115;63;33m████[38;2;204;159;104m██[38;2;254;252;5m██[38;2;204;159;104m██[38;2;254;252;5m██████[38;2;204;159;104m██[38;2;183;105;31m██[38;2;254;252;5m████[38;2;115;63;33m████[38;2;40;40;38m██
[38;2;40;40;38m     ██[38;2;255;227;187m██[38;2;204;159;104m██[38;2;254;252;5m██[38;2;183;105;31m██[38;2;254;252;5m████████[38;2;183;105;31m██[38;2;204;159;104m██[38;2;183;105;31m██[38;2;254;252;5m██[38;2;204;159;104m██[38;2;255;227;187m██[38;2;40;40;38m██
[38;2;40;40;38m       ██[38;2;255;227;187m██[38;2;115;63;33m██[38;2;204;159;104m██[38;2;254;252;5m████[38;2;204;159;104m██[38;2;115;63;33m██[38;2;204;159;104m██[38;2;255;227;187m██[38;2;183;105;31m██[38;2;115;63;33m██[38;2;255;227;187m██[38;2;40;40;38m██
[38;2;40;40;38m       ██[38;2;115;63;33m██[38;2;254;252;5m██[38;2;204;159;104m████[38;2;183;105;31m██[38;2;115;63;33m██[38;2;204;159;104m██[38;2;255;227;187m████[38;2;204;159;104m██[38;2;254;252;5m██[38;2;115;63;33m██[38;2;40;40;38m██
[38;2;40;40;38m       ██[38;2;254;252;5m██[38;2;183;105;31m██[38;2;40;40;38m████[38;2;115;63;33m██[38;2;204;159;104m██[38;2;255;227;187m██[38;2;204;159;104m██[38;2;40;40;38m████[38;2;183;105;31m██[38;2;254;252;5m██[38;2;40;40;38m██
[38;2;40;40;38m       ██[38;2;204;159;104m██[38;2;115;63;33m██[38;2;247;248;246m██[38;2;49;81;253m██[38;2;40;40;38m██[38;2;255;227;187m████[38;2;40;40;38m██[38;2;49;81;253m██[38;2;247;248;246m██[38;2;115;63;33m██[38;2;204;159;104m██[38;2;40;40;38m██
[38;2;40;40;38m         ████[38;2;255;227;187m██[38;2;49;81;253m██[38;2;247;248;246m██[38;2;255;227;187m████[38;2;247;248;246m██[38;2;49;81;253m██[38;2;255;227;187m██[38;2;40;40;38m████
[38;2;40;40;38m           ██[38;2;204;159;104m██[38;2;255;227;187m████████████[38;2;204;159;104m██[38;2;40;40;38m██
[38;2;40;40;38m         ██[38;2;189;251;164m██[38;2;40;40;38m████[38;2;204;159;104m████████[38;2;40;40;38m████[38;2;189;251;164m██[38;2;40;40;38m██
[38;2;40;40;38m       ██[38;2;189;251;164m████[38;2;66;162;42m████[38;2;40;40;38m████████[38;2;66;162;42m████[38;2;189;251;164m████[38;2;40;40;38m██
[38;2;40;40;38m     ██[38;2;255;227;187m████[38;2;40;40;38m██[38;2;115;63;33m██[38;2;66;162;42m████████████[38;2;115;63;33m██[38;2;40;40;38m██[38;2;255;227;187m████[38;2;40;40;38m██
[38;2;40;40;38m     ██[38;2;204;159;104m██[38;2;255;227;187m██[38;2;66;162;42m██[38;2;15;251;9m██[38;2;115;63;33m████[38;2;254;252;5m████[38;2;115;63;33m████[38;2;15;251;9m██[38;2;66;162;42m██[38;2;255;227;187m██[38;2;204;159;104m██[38;2;40;40;38m██
[38;2;40;40;38m       ██████[38;2;15;251;9m████[38;2;66;162;42m██[38;2;254;252;5m████[38;2;66;162;42m██[38;2;15;251;9m████[38;2;40;40;38m██████
[38;2;40;40;38m           ████[38;2;66;162;42m██[38;2;15;251;9m████████[38;2;66;162;42m██[38;2;40;40;38m████
[38;2;40;40;38m         ██[38;2;191;24;33m████[38;2;40;40;38m████████████[38;2;191;24;33m████[38;2;40;40;38m██
[38;2;40;40;38m         ██[38;2;191;24;33m██████[38;2;40;40;38m██    [38;2;40;40;38m██[38;2;191;24;33m██████[38;2;40;40;38m██
[38;2;40;40;38m           ██████        [38;2;40;40;38m██████
