[38;2;30;30;30m                ██████████████
[38;2;30;30;30m              ██[38;2;255;48;86m██[38;2;237;174;127m██[38;2;30;30;30m██[38;2;237;174;127m██[38;2;30;30;30m████[38;2;237;174;127m██[38;2;30;30;30m████
[38;2;30;30;30m        ████████[38;2;255;48;86m██[38;2;30;30;30m██[38;2;237;174;127m██[38;2;255;48;86m██████[38;2;30;30;30m██[38;2;255;48;86m████[38;2;30;30;30m██
[38;2;30;30;30m        ██[38;2;180;180;180m██[38;2;109;101;234m██████[38;2;30;30;30m██[38;2;255;48;86m██████████[38;2;30;30;30m██[38;2;255;48;86m████[38;2;30;30;30m██
[38;2;30;30;30m          ██[38;2;84;98;93m██[38;2;109;101;234m██████████[38;2;255;48;86m██████[38;2;30;30;30m██[38;2;255;48;86m████[38;2;30;30;30m██
[38;2;30;30;30m          ██████[38;2;205;150;105m██[38;2;30;30;30m████████[38;2;205;150;105m████[38;2;30;30;30m██████
[38;2;30;30;30m        ██████[38;2;205;150;105m██████[38;2;30;30;30m████[38;2;205;150;105m██████[38;2;30;30;30m████████
[38;2;30;30;30m        ██[38;2;205;150;105m██[38;2;30;30;30m██[38;2;251;174;151m████[38;2;30;30;30m██[38;2;251;174;151m██████[38;2;30;30;30m██[38;2;251;174;151m████[38;2;30;30;30m██[38;2;251;174;151m██[38;2;30;30;30m██
[38;2;30;30;30m        ██[38;2;205;150;105m██[38;2;251;174;151m██████[38;2;30;30;30m██[38;2;251;174;151m██████[38;2;30;30;30m██[38;2;251;174;151m████████[38;2;30;30;30m██████
[38;2;30;30;30m          ██[38;2;205;150;105m██[38;2;254;147;147m████[38;2;251;174;151m██████████[38;2;254;147;147m████[38;2;205;150;105m██[38;2;30;30;30m████[38;2;205;150;105m████[38;2;30;30;30m██
[38;2;30;30;30m            ██[38;2;254;147;147m████[38;2;30;30;30m██[38;2;251;174;151m██████[38;2;30;30;30m██[38;2;254;147;147m████[38;2;30;30;30m██[38;2;205;150;105m████████[38;2;30;30;30m██
[38;2;30;30;30m          ██████[38;2;254;147;147m██[38;2;251;174;151m██[38;2;30;30;30m██████[38;2;251;174;151m██[38;2;254;147;147m██[38;2;30;30;30m██[38;2;205;150;105m██████[38;2;30;30;30m████
[38;2;30;30;30m        ██[38;2;255;255;255m██[38;2;251;174;151m██[38;2;30;30;30m████[38;2;254;147;147m██[38;2;251;174;151m██████[38;2;254;147;147m██[38;2;30;30;30m██[38;2;205;150;105m████[38;2;30;30;30m████
[38;2;30;30;30m      ██[38;2;205;150;105m██[38;2;251;174;151m████[38;2;30;30;30m██[38;2;109;101;234m██[38;2;30;30;30m████[38;2;205;150;105m██[38;2;30;30;30m████[38;2;109;101;234m██[38;2;30;30;30m████
[38;2;30;30;30m      ██[38;2;205;150;105m██[38;2;251;174;151m██[38;2;30;30;30m██[38;2;230;210;15m██[38;2;109;101;234m████████████[38;2;230;210;15m████[38;2;30;30;30m██
[38;2;30;30;30m        ████[38;2;109;101;234m██[38;2;30;30;30m██[38;2;230;210;15m████████████[38;2;30;30;30m██[38;2;109;101;234m████[38;2;30;30;30m██
[38;2;30;30;30m            ████[38;2;109;101;234m██████████[38;2;30;30;30m██[38;2;255;255;255m██[38;2;251;174;151m████[38;2;30;30;30m██
[38;2;30;30;30m              ██[38;2;230;210;15m██████████[38;2;30;30;30m██[38;2;251;174;151m████[38;2;30;30;30m██
[38;2;30;30;30m            ██[38;2;109;101;234m██████████████[38;2;30;30;30m██████
[38;2;30;30;30m            ██[38;2;109;101;234m██████[38;2;30;30;30m██[38;2;109;101;234m██████████[38;2;30;30;30m██
[38;2;30;30;30m              ████[38;2;109;101;234m██[38;2;30;30;30m██[38;2;109;101;234m████[38;2;30;30;30m██████
[38;2;30;30;30m              ██[38;2;255;48;86m████[38;2;30;30;30m████████[38;2;80;100;93m██[38;2;30;30;30m██
[38;2;30;30;30m            ██[38;2;255;255;255m██[38;2;80;100;93m██[38;2;30;30;30m████    [38;2;30;30;30m██[38;2;255;48;86m████[38;2;30;30;30m██
[38;2;30;30;30m              ██████    [38;2;30;30;30m██[38;2;255;255;255m████[38;2;255;48;86m██[38;2;30;30;30m██
[38;2;30;30;30m                          ████████
